a<-1:10
b<-2:11
